0 0 9394
0 1 8242
0 2 5927
0 3 6389
0 4 7265
0 5 2623
0 6 8211
0 7 521
0 8 1398
0 9 2625
0 10 9305
0 11 1273
0 12 9075
0 13 2390
0 14 1416
0 15 9710
0 16 9670
0 17 3833
0 18 3043
0 19 4064
0 20 4835
0 21 5363
0 22 9751
0 23 6132
0 24 9748
0 25 6722
0 26 817
0 27 8121
0 28 4066
0 29 9546
0 30 4369
0 31 5520
0 32 7758
0 33 4624
0 34 2219
0 35 1870
0 36 672
0 37 9747
0 38 6343
0 39 2180
0 40 3789
0 41 62
0 42 8120
0 43 718
0 44 847
0 45 2739
0 46 2380
0 47 3314
0 48 321
0 49 4581
0 50 9634
0 51 5049
0 52 6630
0 53 2678
0 54 6841
0 55 4433
0 56 2198
0 57 3641
0 58 1844
0 59 1315
0 60 3232
0 61 7329
0 62 2096
0 63 7464
1 0 3160
1 1 4331
1 2 6064
1 3 1139
1 4 4023
1 5 7889
1 6 7344
1 7 6667
1 8 8501
1 9 7110
1 10 3717
1 11 2241
1 12 4819
1 13 9185
1 14 7928
1 15 9189
1 16 2044
1 17 6556
1 18 7963
1 19 7062
1 20 7461
1 21 2034
1 22 1088
1 23 1884
1 24 2167
1 25 7371
1 26 2602
1 27 4408
1 28 5971
1 29 9879
1 30 8468
1 31 617
1 32 7732
1 33 7557
1 34 6791
1 35 5789
1 36 6568
1 37 7002
1 38 715
1 39 9456
1 40 7341
1 41 7391
1 42 4856
1 43 9172
1 44 4016
1 45 5700
1 46 6739
1 47 8595
1 48 6415
1 49 6429
1 50 4500
1 51 8362
1 52 1942
1 53 3692
1 54 5165
1 55 999
1 56 8790
1 57 974
1 58 1954
1 59 526
1 60 2857
1 61 8143
1 62 9866
1 63 8805
2 0 1697
2 1 6886
2 2 2349
2 3 8786
2 4 8714
2 5 9476
2 6 9984
2 7 2661
2 8 8152
2 9 4373
2 10 153
2 11 2378
2 12 6884
2 13 2500
2 14 1168
2 15 2921
2 16 6450
2 17 6212
2 18 6249
2 19 7215
2 20 6909
2 21 1783
2 22 8574
2 23 5227
2 24 1694
2 25 1718
2 26 2090
2 27 2760
2 28 8477
2 29 9861
2 30 2296
2 31 4818
2 32 4251
2 33 4991
2 34 1694
2 35 2678
2 36 315
2 37 9006
2 38 9216
2 39 7604
2 40 564
2 41 435
2 42 3411
2 43 3451
2 44 9843
2 45 9173
2 46 9171
2 47 7404
2 48 9387
2 49 4802
2 50 7518
2 51 2926
2 52 6687
2 53 3074
2 54 2709
2 55 923
2 56 9833
2 57 8768
2 58 2274
2 59 6569
2 60 5232
2 61 7172
2 62 8226
2 63 7269
3 0 2483
3 1 6485
3 2 364
3 3 1884
3 4 9266
3 5 8212
3 6 6853
3 7 3783
3 8 8990
3 9 5210
3 10 2012
3 11 7084
3 12 3933
3 13 6418
3 14 5896
3 15 4939
3 16 4040
3 17 460
3 18 1303
3 19 9642
3 20 5497
3 21 875
3 22 2507
3 23 7354
3 24 7258
3 25 7820
3 26 3627
3 27 6498
3 28 4391
3 29 3577
3 30 1863
3 31 3757
3 32 2372
3 33 7498
3 34 5909
3 35 5777
3 36 5967
3 37 5004
3 38 5364
3 39 9393
3 40 2885
3 41 3844
3 42 829
3 43 778
3 44 64
3 45 846
3 46 2843
3 47 267
3 48 6617
3 49 6954
3 50 1100
3 51 5741
3 52 6039
3 53 369
3 54 4347
3 55 616
3 56 879
3 57 1241
3 58 1903
3 59 2629
3 60 1453
3 61 5848
3 62 4948
3 63 3998
4 0 9974
4 1 3937
4 2 4254
4 3 3272
4 4 7172
4 5 182
4 6 4796
4 7 6817
4 8 3669
4 9 660
4 10 9763
4 11 7596
4 12 884
4 13 1149
4 14 7057
4 15 330
4 16 9753
4 17 6398
4 18 3072
4 19 2394
4 20 4039
4 21 9124
4 22 2492
4 23 7283
4 24 9755
4 25 6880
4 26 6330
4 27 4789
4 28 5779
4 29 2175
4 30 9535
4 31 8296
4 32 4132
4 33 5036
4 34 4538
4 35 9317
4 36 2372
4 37 7366
4 38 3478
4 39 5498
4 40 7073
4 41 1077
4 42 5771
4 43 4058
4 44 7969
4 45 8662
4 46 2023
4 47 3628
4 48 2012
4 49 1808
4 50 2623
4 51 4355
4 52 3958
4 53 7466
4 54 528
4 55 1451
4 56 5137
4 57 6802
4 58 1749
4 59 1356
4 60 5204
4 61 5572
4 62 2634
4 63 3777
5 0 1011
5 1 4332
5 2 8248
5 3 9392
5 4 6304
5 5 6590
5 6 9124
5 7 3581
5 8 127
5 9 1432
5 10 8505
5 11 7607
5 12 7712
5 13 2732
5 14 4044
5 15 9715
5 16 8090
5 17 737
5 18 6442
5 19 2404
5 20 4374
5 21 7300
5 22 4949
5 23 5346
5 24 979
5 25 2824
5 26 3378
5 27 3396
5 28 8160
5 29 9111
5 30 6703
5 31 4373
5 32 5844
5 33 5056
5 34 5658
5 35 1611
5 36 6669
5 37 8374
5 38 4707
5 39 2358
5 40 2186
5 41 4153
5 42 4807
5 43 1427
5 44 4761
5 45 6276
5 46 3810
5 47 2574
5 48 124
5 49 315
5 50 4304
5 51 4851
5 52 8070
5 53 146
5 54 7133
5 55 4004
5 56 9050
5 57 9719
5 58 3236
5 59 4215
5 60 6613
5 61 4043
5 62 7236
5 63 1366
6 0 9945
6 1 2739
6 2 657
6 3 3356
6 4 7696
6 5 7770
6 6 4202
6 7 8903
6 8 4350
6 9 4591
6 10 4230
6 11 9288
6 12 1209
6 13 8351
6 14 4567
6 15 2894
6 16 6605
6 17 3426
6 18 6322
6 19 2182
6 20 5836
6 21 9448
6 22 5069
6 23 8736
6 24 1998
6 25 588
6 26 2873
6 27 7626
6 28 5985
6 29 3188
6 30 3923
6 31 4964
6 32 8486
6 33 7791
6 34 6561
6 35 6902
6 36 7923
6 37 8269
6 38 1048
6 39 7157
6 40 8442
6 41 8283
6 42 8330
6 43 115
6 44 4306
6 45 1404
6 46 3113
6 47 6412
6 48 6154
6 49 4869
6 50 4111
6 51 706
6 52 7761
6 53 9147
6 54 9894
6 55 8890
6 56 2067
6 57 6588
6 58 106
6 59 4925
6 60 4781
6 61 307
6 62 7703
6 63 4799
7 0 6429
7 1 1650
7 2 9583
7 3 8145
7 4 635
7 5 3166
7 6 403
7 7 8365
7 8 7746
7 9 822
7 10 7374
7 11 9466
7 12 6282
7 13 672
7 14 3024
7 15 5032
7 16 1418
7 17 156
7 18 1483
7 19 4142
7 20 2679
7 21 5327
7 22 4262
7 23 9435
7 24 4081
7 25 4900
7 26 3526
7 27 6210
7 28 4195
7 29 9185
7 30 3892
7 31 311
7 32 9942
7 33 1951
7 34 7715
7 35 874
7 36 7563
7 37 9484
7 38 1542
7 39 2081
7 40 2037
7 41 2496
7 42 8626
7 43 2259
7 44 7174
7 45 6633
7 46 2128
7 47 5225
7 48 6756
7 49 625
7 50 318
7 51 7724
7 52 9015
7 53 2210
7 54 7769
7 55 3377
7 56 2710
7 57 471
7 58 2577
7 59 5526
7 60 8475
7 61 8577
7 62 2008
7 63 4630
8 0 6755
8 1 6947
8 2 2249
8 3 4807
8 4 7064
8 5 5659
8 6 3863
8 7 2338
8 8 6976
8 9 1269
8 10 1741
8 11 7261
8 12 8835
8 13 2544
8 14 6042
8 15 1371
8 16 7912
8 17 9981
8 18 6667
8 19 6667
8 20 7759
8 21 3394
8 22 9140
8 23 8571
8 24 5333
8 25 3058
8 26 33
8 27 6830
8 28 6020
8 29 3296
8 30 9102
8 31 7969
8 32 1774
8 33 5421
8 34 2293
8 35 8058
8 36 3563
8 37 7583
8 38 3898
8 39 4064
8 40 9648
8 41 736
8 42 589
8 43 8295
8 44 9855
8 45 9741
8 46 5000
8 47 132
8 48 9704
8 49 3927
8 50 8633
8 51 5319
8 52 6853
8 53 8422
8 54 9797
8 55 3131
8 56 4242
8 57 2726
8 58 3639
8 59 4158
8 60 7399
8 61 3093
8 62 327
8 63 4773
9 0 8253
9 1 9480
9 2 445
9 3 1034
9 4 1
9 5 2808
9 6 5911
9 7 9293
9 8 2547
9 9 6116
9 10 5780
9 11 6552
9 12 343
9 13 2724
9 14 162
9 15 8433
9 16 6677
9 17 1773
9 18 2769
9 19 5142
9 20 1687
9 21 5018
9 22 4215
9 23 5934
9 24 6651
9 25 275
9 26 6664
9 27 3813
9 28 2037
9 29 9532
9 30 1327
9 31 5895
9 32 6714
9 33 209
9 34 9627
9 35 3064
9 36 1867
9 37 4300
9 38 3318
9 39 889
9 40 1582
9 41 1905
9 42 8739
9 43 9230
9 44 6047
9 45 7161
9 46 7328
9 47 6939
9 48 2431
9 49 3998
9 50 2656
9 51 6753
9 52 4651
9 53 753
9 54 7836
9 55 8928
9 56 4381
9 57 1505
9 58 4713
9 59 8030
9 60 7024
9 61 3206
9 62 1568
9 63 5767
10 0 7923
10 1 1081
10 2 7824
10 3 2741
10 4 430
10 5 1517
10 6 8150
10 7 5450
10 8 5993
10 9 2996
10 10 5191
10 11 2087
10 12 9789
10 13 4170
10 14 713
10 15 1252
10 16 254
10 17 2187
10 18 6930
10 19 8433
10 20 8164
10 21 2052
10 22 8055
10 23 5281
10 24 116
10 25 7043
10 26 9320
10 27 9062
10 28 3483
10 29 8373
10 30 3966
10 31 6375
10 32 5417
10 33 1506
10 34 1321
10 35 6726
10 36 7735
10 37 9412
10 38 7201
10 39 9799
10 40 4263
10 41 5649
10 42 4797
10 43 3028
10 44 3871
10 45 3295
10 46 8730
10 47 3163
10 48 5644
10 49 6114
10 50 765
10 51 1557
10 52 4059
10 53 3481
10 54 7591
10 55 6055
10 56 3036
10 57 1698
10 58 1171
10 59 3774
10 60 9662
10 61 4190
10 62 4353
10 63 2657
11 0 8075
11 1 9192
11 2 8549
11 3 4250
11 4 6702
11 5 4270
11 6 9270
11 7 453
11 8 2767
11 9 5459
11 10 2632
11 11 9017
11 12 5175
11 13 6891
11 14 6092
11 15 2862
11 16 7897
11 17 2249
11 18 1522
11 19 8252
11 20 6511
11 21 2668
11 22 4801
11 23 6345
11 24 4674
11 25 5588
11 26 8860
11 27 6534
11 28 5086
11 29 3363
11 30 2199
11 31 5522
11 32 8758
11 33 930
11 34 104
11 35 7273
11 36 5402
11 37 4560
11 38 1330
11 39 6976
11 40 167
11 41 7963
11 42 997
11 43 6401
11 44 985
11 45 1368
11 46 8011
11 47 9200
11 48 5832
11 49 7575
11 50 4025
11 51 4020
11 52 6505
11 53 3784
11 54 9223
11 55 3201
11 56 6807
11 57 6924
11 58 1555
11 59 648
11 60 5098
11 61 5362
11 62 1158
11 63 2298
